-----------------------------------------------------------------------
ELECTRON-NEUTRAL interactions
-----------------------------------------------------------------------
  Fit coefficients for the reduced collision integrals:     
  Q1S = pi *sigma**2 *omegastar1S
  S = {1,...,5}
  Formula of the type:
  Q1S = 1.D-20 *EXP( C1*lnT**3 +C2*lnT**2 +C3*lnT +C4 ) 
 
ATTENTION, the present data are: Q11IJ, Q22IJ, BstarIJ, 0.D0, 0.D0
                                                                                
-----------------------------------------------------------------------
.em-C.
 0.13742E+00   -3.62064E+00    3.14457E+01   -8.69558E+01
 0.13742E+00   -3.62064E+00    3.14457E+01   -8.69558E+01
 1.80411E-01   -4.73362E+00    4.11360E+01   -1.18250E+02
 0.00000E+00    0.00000E+00    0.00000E+00    0.00000E+00
 0.00000E+00    0.00000E+00    0.00000E+00    0.00000E+00
-----------------------------------------------------------------------
.em-CO.
-2.08550E-02    1.40270E-01    2.32912E+00   -1.39709E+01
-2.08550E-02    1.40270E-01    2.32912E+00   -1.39709E+01
-3.45436E-01    8.15873E+00   -6.26790E+01    1.55520E+02
 0.00000E+00    0.00000E+00    0.00000E+00    0.00000E+00
 0.00000E+00    0.00000E+00    0.00000E+00    0.00000E+00
-----------------------------------------------------------------------
.em-CO2.
 9.63345E-02   -2.04500E+00    1.35077E+01   -2.41443E+01
 9.63345E-02   -2.04500E+00    1.35077E+01   -2.41443E+01
 1.42882E-01   -3.31880E+00    2.49120E+01   -6.02338E+01
 0.00000E+00    0.00000E+00    0.00000E+00    0.00000E+00
 0.00000E+00    0.00000E+00    0.00000E+00    0.00000E+00
-----------------------------------------------------------------------
.em-Ar.
-2.17000E-02    4.61700E-01   -1.83000E+00   -4.09760E+00
-1.64100E-01    3.89370E+00   -2.94377E+01    7.07864E+01
 0.00000E+00    0.00000E+00    0.00000E+00    0.00000E+00
 0.00000E+00    0.00000E+00    0.00000E+00    0.00000E+00
 0.00000E+00    0.00000E+00    0.00000E+00    0.00000E+00
-----------------------------------------------------------------------
.em-N.
-1.30267E-02    3.80256E-01   -3.18211E+00    8.28205E+00
-7.62668E-02    1.82198E+00   -1.36351E+01    3.20321E+01
 9.38697E-02   -2.02504E+00    1.42007E+01   -3.25990E+01
 0.00000E+00    0.00000E+00    0.00000E+00    0.00000E+00 
 0.00000E+00    0.00000E+00    0.00000E+00    0.00000E+00 
-----------------------------------------------------------------------
.em-O.
-1.35930E-02    3.07349E-01   -2.08350E+00    5.00309E+00
-2.20329E-02    4.96542E-01   -3.34402E+00    7.17446E+00
-1.97516E-02    4.68985E-01   -3.64200E+00    9.09002E+00
 0.00000E+00    0.00000E+00    0.00000E+00    0.00000E+00 
 0.00000E+00    0.00000E+00    0.00000E+00    0.00000E+00 
-----------------------------------------------------------------------
.em-N2.
-1.36521E-02    3.16306E-01   -2.07422E+00    5.75868E+00
-4.57016E-02    1.01213E+00   -6.99162E+00    1.71205E+01
 1.86618E-01   -4.04367E+00    2.87491E+01   -6.73293E+01
 0.00000E+00    0.00000E+00    0.00000E+00    0.00000E+00 
 0.00000E+00    0.00000E+00    0.00000E+00    0.00000E+00 
-----------------------------------------------------------------------
.em-NO.
-8.06295E-02    1.82855E+00   -1.32538E+01    3.23868E+01
-7.11396E-02    1.55469E+00   -1.06981E+01    2.47790E+01
-1.02026E-02    4.28209E-01   -4.67145E+00    1.49722E+01
 0.00000E+00    0.00000E+00    0.00000E+00    0.00000E+00 
 0.00000E+00    0.00000E+00    0.00000E+00    0.00000E+00 
-----------------------------------------------------------------------
.em-O2.     
-1.81305E-02    2.97310E-01   -1.02455E+00    2.44548E-01
-3.31886E-03   -4.06478E-02    1.46290E+00   -5.57612E+00
-6.49913E-02    1.44562E+00   -1.03270E+01    2.33098E+01
 0.00000E+00    0.00000E+00    0.00000E+00    0.00000E+00 
 0.00000E+00    0.00000E+00    0.00000E+00    0.00000E+00 
-----------------------------------------------------------------------
STOP 
