-----------------------------------------------------------------------
NEUTRAL-NEUTRAL and NEUTRAL-ION interactions
-----------------------------------------------------------------------
 Fit coefficients for the reduced collision integrals and ratios:
 -Q11IJ = pi *sigmaIJ**2 *omegastar11IJ, AstarIJ, BstarIJ and CstarIJ.
 Formula of the type:
 -Q11IJ = 1.D-20 *EXP( C1*lnT**3 +C2*lnT**2 +C3*lnT +C4 )
 -AstarIJ  = EXP(C1*lnT**3 +C2*lnT**2 +C3*lnT +C4)
 -BstarIJ  = EXP(C1*lnT**3 +C2*lnT**2 +C3*lnT +C4)
 -CstarIJ  = EXP(C1*lnT**3 +C2*lnT**2 +C3*lnT +C4)

ATTENTION, the present data are: Q11IJ, Q22IJ, BstarIJ, 0.D0

-----------------------------------------------------------------------
.Ar-Ar.
-1.14490E-03    1.24550E-02   -2.21977E-01    4.63388E+00
-1.48457E-03    2.16912E-02   -2.86221E-01    4.90187E+00
 0.00000E+00    0.00000E+00    0.00000E+00    9.06000E-02
 0.00000E+00    0.00000E+00    0.00000E+00    0.00000E+00
-----------------------------------------------------------------------
.Ar-C. 
 -1.6482668e-003  2.5678811e-002 -3.3793450e-001  4.6642733e+000
 -1.5490706e-003  2.4445576e-002 -3.2300460e-001  4.7472987e+000
  2.3474364e-004 -4.2636619e-003  3.7981865e-002 -9.5743070e-003
  0.0000000e+000  0.0000000e+000  0.0000000e+000  0.0000000e+000
-----------------------------------------------------------------------
.Ar-N. 
 -1.9342277e-003  2.9443333e-002 -3.6506209e-001  4.8097333e+000
 -1.8137905e-003  2.7883720e-002 -3.4724121e-001  4.8901637e+000
  2.5663251e-004 -4.3334609e-003  3.7159659e-002  1.3487231e-003
  0.0000000e+000  0.0000000e+000  0.0000000e+000  0.0000000e+000
-----------------------------------------------------------------------
.Ar-O. 
 -1.1068836e-003  1.4201563e-002 -2.3904629e-001  4.2916703e+000
 -1.0226517e-003  1.3153232e-002 -2.2566776e-001  4.3735044e+000
  1.4736352e-004 -2.3190518e-003  2.1648967e-002  3.1777023e-002
  0.0000000e+000  0.0000000e+000  0.0000000e+000  0.0000000e+000
-----------------------------------------------------------------------
.Ar-CO. 
  1.1767855e-002 -2.6309333e-001  1.6670019e+000  5.2775461e-001
  5.1022539e-003 -1.1507571e-001  6.1310793e-001  3.0518193e+000
 -1.1644446e-002  2.6462036e-001 -1.9529844e+000  4.7676999e+000
  0.0000000e+000  0.0000000e+000  0.0000000e+000  0.0000000e+000
-----------------------------------------------------------------------
.Ar-CO2. 
 -1.5463410e-002  3.5358650e-001 -2.8942747e+000  1.1709521e+001
 -2.5176305e-002  5.6915270e-001 -4.4453220e+000  1.5437236e+001
 -1.5772631e-002  3.5957693e-001 -2.6840991e+000  6.6439629e+000
  0.0000000e+000  0.0000000e+000  0.0000000e+000  0.0000000e+000
-----------------------------------------------------------------------
.Ar-N2. 
 -1.5416229e-002  3.2850004e-001 -2.5256070e+000  1.0128662e+001
 -2.5136134e-002  5.4356549e-001 -4.0583365e+000  1.3768640e+001
 -1.4897836e-002  3.3604888e-001 -2.4638059e+000  5.9615442e+000
  0.0000000e+000  0.0000000e+000  0.0000000e+000  0.0000000e+000
-----------------------------------------------------------------------
.Ar-NO. 
 -8.3024770e-004  8.0279904e-003 -1.8825900e-001  4.4188770e+000
 -7.5290148e-004  7.1104208e-003 -1.7605889e-001  4.5025960e+000
  1.1505458e-004 -1.5865975e-003  1.5630706e-002  4.6882559e-002
  0.0000000e+000  0.0000000e+000  0.0000000e+000  0.0000000e+000
-----------------------------------------------------------------------
.Ar-O2. 
  1.7623121e-003 -3.8234153e-002  2.5217514e-002  4.3787077e+000
 -4.7270195e-003  1.0410820e-001 -9.7962724e-001  6.7750668e+000
 -1.1758527e-002  2.6562773e-001 -1.9551413e+000  4.7716636e+000
  0.0000000e+000  0.0000000e+000  0.0000000e+000  0.0000000e+000
-----------------------------------------------------------------------
.C-C.
-1.6327676e-003  1.7417562e-002 -2.6103287e-001  4.5040757e+000
-1.5276854e-003  1.6492590e-002 -2.4827903e-001  4.6074172e+000
 2.3653754e-004 -2.9549469e-003  2.4856752e-002  1.6499191e-002
 0.00000E+00    0.00000E+00    0.00000E+00    0.00000E+00
-----------------------------------------------------------------------
.C-N.
 -2.7450477e-002  6.5860720e-001 -5.5028246e+000  1.8710405e+001
 -3.6911425e-002  9.2729360e-001 -7.9870953e+000  2.6334421e+001
 -5.9980559e-002  1.6409235e+000 -1.4831473e+001  4.4502549e+001
  0.0000000e+000  0.0000000e+000  0.0000000e+000  0.0000000e+000
-----------------------------------------------------------------------
.C-O.
-8.2219082E-004  2.7889884E-003 -0.1512225       4.04199746
-7.6162144E-004  2.6091445E-003 -0.14426435      4.15142777492
 1.9388330e-004 -2.3810371e-003  2.1065081e-002  1.9665477e-002
 0.00000E+00    0.00000E+00    0.00000E+00    0.00000E+00
-----------------------------------------------------------------------
.C-CO.
 -2.0318602e-003  3.0605593e-002 -3.7324272e-001  4.8692602e+000
 -1.9086177e-003  2.9058110e-002 -3.5551006e-001  4.9519996e+000
  2.4979338e-004 -3.9768125e-003  3.3658119e-002  1.4140474e-002
  0.0000000e+000  0.0000000e+000  0.0000000e+000  0.0000000e+000
-----------------------------------------------------------------------
.C-CO2.
 -2.0318602e-003  3.0605593e-002 -3.7324272e-001  4.8692602e+000
 -1.9086177e-003  2.9058110e-002 -3.5551006e-001  4.9519996e+000
  2.4979338e-004 -3.9768125e-003  3.3658119e-002  1.4140474e-002
  0.0000000e+000  0.0000000e+000  0.0000000e+000  0.0000000e+000
-----------------------------------------------------------------------
.C-N2.
 -2.4864238e-003  3.9406080e-002 -4.4386941e-001  5.1076098e+000
 -2.3838226e-003  3.8559823e-002 -4.3212343e-001  5.2114509e+000
  4.2259537e-004 -8.0280779e-003  6.7275986e-002 -7.5771373e-002
  0.0000000e+000  0.0000000e+000  0.0000000e+000  0.0000000e+000
-----------------------------------------------------------------------
.C-NO.
 -1.8385856e-003  2.8165839e-002 -3.5651972e-001  4.7956317e+000
 -1.6091947e-003  2.3735306e-002 -3.1410114e-001  4.8041192e+000
  5.0440626e-004 -1.0852039e-002  9.3397442e-002 -1.6155340e-001
  0.0000000e+000  0.0000000e+000  0.0000000e+000  0.0000000e+000
-----------------------------------------------------------------------
.C-O2.
-9.1012703e-004  7.8343536e-003 -1.8707494e-001  4.3361932e+000
-8.4072422e-004  7.2508478e-003 -1.7744422e-001  4.4339114e+000
 1.2748452e-004 -1.4588844e-003  1.4748825e-002  2.4682549e-002
 0.00000E+00    0.00000E+00    0.00000E+00    0.00000E+00
-----------------------------------------------------------------------
.N-N.
-5.54400E-03    1.07890E-01   -9.01100E-01    5.83570E+00
-6.46400E-03    1.42760E-01   -1.27810E+00    7.21350E+00
 0.00000E+00    4.88000E-03   -5.95000E-02    3.21000E-01
 0.00000E+00    0.00000E+00    0.00000E+00    0.00000E+00
-----------------------------------------------------------------------
.N-O.
-1.06200E-02    2.42500E-01   -2.08650E+00    9.32090E+00
-1.12230E-02    2.64720E-01   -2.31450E+00    1.01745E+01
 0.00000E+00    1.32600E-02   -2.08900E-01    9.84500E-01
 0.00000E+00    0.00000E+00    0.00000E+00    0.00000E+00
-----------------------------------------------------------------------
.N-CO.
 -2.0318602e-003  3.0605593e-002 -3.7324272e-001  4.8692602e+000
 -1.9086177e-003  2.9058110e-002 -3.5551006e-001  4.9519996e+000
  2.4979338e-004 -3.9768125e-003  3.3658119e-002  1.4140474e-002
  0.0000000e+000  0.0000000e+000  0.0000000e+000  0.0000000e+000
-----------------------------------------------------------------------
.N-CO2.
 -2.0318602e-003  3.0605593e-002 -3.7324272e-001  4.8692602e+000
 -1.9086177e-003  2.9058110e-002 -3.5551006e-001  4.9519996e+000
  2.4979338e-004 -3.9768125e-003  3.3658119e-002  1.4140474e-002
  0.0000000e+000  0.0000000e+000  0.0000000e+000  0.0000000e+000
-----------------------------------------------------------------------
.N-N2.
-1.51789E-03    2.30672E-02   -4.22508E-01    5.46824E+00
-3.51846E-03    7.14265E-02   -7.70251E-01    6.34262E+00
-1.61616E-03    4.59611E-02   -3.90469E-01    1.13622E+00
 0.00000E+00    0.00000E+00    0.00000E+00    0.00000E+00
-----------------------------------------------------------------------
.N-NO.
-2.26640E-03    5.78121E-02   -7.71983E-01    6.44535E+00
-3.73481E-03    9.42189E-02   -1.04371E+00    7.17953E+00
-1.55459E-03    4.27074E-02   -3.66954E-01    1.10023E+00
 0.00000E+00    0.00000E+00    0.00000E+00    0.00000E+00
-----------------------------------------------------------------------
.N-O2.
-2.18342E-03    5.38537E-02   -7.31728E-01    6.30580E+00
-3.70168E-03    9.13422E-02   -1.00981E+00    7.05029E+00
-1.43233E-03    4.00791E-02   -3.47262E-01    1.05104E+00
 0.00000E+00    0.00000E+00    0.00000E+00    0.00000E+00
-----------------------------------------------------------------------
.O-O.
-9.05100E-03    2.16280E-01   -2.00050E+00    9.40750E+00
-9.69100E-03    2.37450E-01   -2.19950E+00    1.01214E+01
 0.00000E+00    1.43000E-02   -2.39000E-01    1.16420E+00
 0.00000E+00    0.00000E+00    0.00000E+00    0.00000E+00
-----------------------------------------------------------------------
.O-CO.
-1.0724729e-003  9.9488020e-003 -2.0434960e-001  4.2829451e+000
-9.9324603e-004  9.2586383e-003 -1.9377009e-001  4.3819188e+000
 1.5225588e-004 -1.7984938e-003  1.7112982e-002  2.3112893e-002
 0.00000E+00    0.00000E+00    0.00000E+00    0.00000E+00
-----------------------------------------------------------------------
.O-CO2.
-5.5193573e-004  3.3407376e-003 -1.4657720e-001  4.2685087e+000
-5.0602302e-004  3.0042459e-003 -1.3928867e-001  4.3618084e+000
 7.2754724e-005 -7.1662801e-004  9.3139982e-003  2.6752289e-002
 0.00000E+00    0.00000E+00    0.00000E+00    0.00000E+00
-----------------------------------------------------------------------
.O-N2.
-1.23320E-03    3.53140E-02   -6.20988E-01    5.96843E+00
-1.70204E-03    4.84037E-02   -7.20186E-01    6.29133E+00
-4.80711E-04    1.90832E-02   -2.02723E-01    7.37414E-01
 0.00000E+00    0.00000E+00    0.00000E+00    0.00000E+00
-----------------------------------------------------------------------
.O-NO.
-3.77659E-03    8.92761E-02   -9.74207E-01    6.80956E+00
-5.83107E-03    1.40386E-01   -1.36151E+00    7.83490E+00
-3.01381E-03    7.57430E-02   -6.06864E-01    1.66213E+00
 0.00000E+00    0.00000E+00    0.00000E+00    0.00000E+00
-----------------------------------------------------------------------
.O-O2.
-1.86954E-03    4.94588E-02   -7.01334E-01    6.06620E+00
-3.07350E-03    7.87235E-02   -9.13464E-01    6.64138E+00
-1.31598E-03    3.71298E-02   -3.26882E-01    1.00723E+00
 0.00000E+00    0.00000E+00    0.00000E+00    0.00000E+00
-----------------------------------------------------------------------
.CO-CO.
-1.6770473e-003  4.3770082e-002 -6.1339771e-001  6.0673826e+000
-3.4426310e-003  8.0490332e-002 -8.3606628e-001  6.5632993e+000
-1.2586833e-003  2.9664029e-002 -2.1308784e-001  5.5079175e-001
 0.00000E+00    0.00000E+00    0.00000E+00    0.00000E+00
-----------------------------------------------------------------------
.CO-CO2.
-9.5719869e-003  2.2897350e-001 -2.0036226e+000  9.6091510e+000
-1.3748949e-002  3.2285279e-001 -2.6723780e+000  1.1232716e+001
-3.8480703e-003  9.3627984e-002 -7.3872081e-001  1.9690651e+000
 0.00000E+00    0.00000E+00    0.00000E+00    0.00000E+00
-----------------------------------------------------------------------
.CO-N2.
  4.2270139e-002 -9.7162109e-001  7.1267916e+000 -1.3352870e+001
  2.6442790e-002 -6.1475227e-001  4.4989704e+000 -6.9037116e+000
 -2.5878190e-002  5.8833015e-001 -4.3857796e+000  1.0811234e+001
  0.0000000e+000  0.0000000e+000  0.0000000e+000  0.0000000e+000
-----------------------------------------------------------------------
.CO-NO.
  5.6117613e-002 -1.2736046e+000  9.2990986e+000 -1.8543691e+001
  3.7607404e-002 -8.5885878e-001  6.2571402e+000 -1.1113275e+001
 -2.9800114e-002  6.7344848e-001 -4.9997726e+000  1.2282911e+001
  0.0000000e+000  0.0000000e+000  0.0000000e+000  0.0000000e+000
-----------------------------------------------------------------------
.CO-O2.
-8.0896479e-003  1.7605708e-001 -1.4675202e+000  7.7816374e+000
-8.6697149e-003  1.8556377e-001 -1.4844429e+000  7.7722700e+000
-3.0722459e-003  7.2102755e-002 -5.3479643e-001  1.3417832e+000
 0.00000E+00    0.00000E+00    0.00000E+00    0.00000E+00
-----------------------------------------------------------------------
.CO2-CO2.
-1.3305518E-002  0.338623312    -3.0057290443    12.6592810781
-1.4590334E-002  0.37261406     -3.287949434403 13.49700355519
-3.3571646e-003  8.7572196e-002 -7.4912489e-001  2.1838067e+000
 0.00000E+00    0.00000E+00    0.00000E+00    0.00000E+00
-----------------------------------------------------------------------
.CO2-N2.
 -1.7218940e-002  3.7538056e-001 -2.9247173e+000  1.1511145e+001
 -2.7760050e-002  6.0907177e-001 -4.5993531e+000  1.5504930e+001
 -1.6009011e-002  3.6283730e-001 -2.6818565e+000  6.5510359e+000
  0.0000000e+000  0.0000000e+000  0.0000000e+000  0.0000000e+000
-----------------------------------------------------------------------
.CO2-NO.
 -2.2930660e-002  5.1095172e-001 -3.9648201e+000  1.4084612e+001
 -4.9601879e-002  1.1016081e+000 -8.2671658e+000  2.4504494e+001
 -3.8942018e-002  8.7220990e-001 -6.4435148e+000  1.5779898e+001
  0.0000000e+000  0.0000000e+000  0.0000000e+000  0.0000000e+000
-----------------------------------------------------------------------
.CO2-O2.
-1.3043254e-002  3.0443184e-001 -2.5410139e+000  1.0827670e+001
-1.7889037e-002  4.1380006e-001 -3.3244531e+000  1.2726172e+001
-4.5284032e-003  1.0958273e-001 -8.5894625e-001  2.2658976e+000
 0.00000E+00    0.00000E+00    0.00000E+00    0.00000E+00
-----------------------------------------------------------------------
.N2-N2.
-5.04358E-03    1.08079E-01   -9.98634E-01    6.80089E+00
-6.99424E-03    1.54912E-01   -1.33680E+00    7.66252E+00
-1.83418E-03    4.44907E-02   -3.35033E-01    8.97329E-01
 0.00000E+00    0.00000E+00    0.00000E+00    0.00000E+00
-----------------------------------------------------------------------
.N2-NO.
-4.44480E-03    1.04355E-01   -1.05628E+00    7.14403E+00
-6.15361E-03    1.46536E-01   -1.37211E+00    7.98835E+00
-1.57713E-03    4.04223E-02   -3.27192E-01    9.46802E-01
 0.00000E+00    0.00000E+00    0.00000E+00    0.00000E+00
-----------------------------------------------------------------------
.N2-O2.
-7.31941E-03    1.59426E-01   -1.37616E+00    7.66794E+00
-9.02697E-03    2.02408E-01   -1.69776E+00    8.52008E+00
-3.67074E-03    8.64713E-02   -6.43558E-01    1.63049E+00
 0.00000E+00    0.00000E+00    0.00000E+00    0.00000E+00
-----------------------------------------------------------------------
.NO-NO.
-6.57078E-03    1.49230E-01   -1.36580E+00    7.80744E+00
-8.25101E-03    1.92894E-01   -1.70482E+00    8.73353E+00
-3.70923E-03    8.86490E-02   -6.74730E-01    1.75099E+00
 0.00000E+00    0.00000E+00    0.00000E+00    0.00000E+00
-----------------------------------------------------------------------
.NO-O2.
-5.09515E-03    1.20912E-01   -1.18322E+00    7.38998E+00
-6.70708E-03    1.61363E-01   -1.49069E+00    8.22506E+00
-2.46650E-03    6.00487E-02   -4.66854E-01    1.26572E+00
 0.00000E+00    0.00000E+00    0.00000E+00    0.00000E+00
-----------------------------------------------------------------------
.O2-O2.
-9.67668E-03    2.12618E-01   -1.77047E+00    8.58808E+00
-1.08216E-02    2.44418E-01   -2.02069E+00    9.29763E+00
-6.06664E-03    1.42665E-01   -1.06789E+00    2.66780E+00
 0.00000E+00    0.00000E+00    0.00000E+00    0.00000E+00
-----------------------------------------------------------------------
.Arp-Ar. 
 1.00000E-03   -3.68000E-02    2.45000E-01    4.57020E+00
-6.04000E-03    1.49600E-01   -1.43850E+00    8.14830E+00
 0.00000E+00    0.00000E+00    0.00000E+00    1.93300E-01
 0.00000E+00    0.00000E+00    0.00000E+00    0.00000E+00
-----------------------------------------------------------------------
.Cp-C.
 -6.2054732E-005 -6.0714587E-004 -7.7485473E-002  5.34692764
 -1.3508854e-003  1.4319670e-002 -2.3216643e-001  4.3743452e+000
 2.0928722e-004 -2.6206833e-003  2.2699167e-002  1.7438789e-002
 0.00000E+00    0.00000E+00    0.00000E+00    0.00000E+00
-----------------------------------------------------------------------
.Np-N.
-1.93600E-03    5.15400E-02   -5.68400E-01    6.78500E+00
-2.33780E-02    5.37280E-01   -4.43190E+00    1.64097E+01
 0.00000E+00    7.20000E-04   -1.02000E-02    1.02300E-01
 0.00000E+00    0.00000E+00    0.00000E+00    0.00000E+00
-----------------------------------------------------------------------
.Op-O.
-1.95000E-03    5.28800E-02   -5.75700E-01    6.53480E+00
-2.68200E-03    3.70600E-02   -4.40200E-01    5.70790E+00
 0.00000E+00    2.60000E-03   -4.32000E-02    2.38600E-01
 0.00000E+00    0.00000E+00    0.00000E+00    0.00000E+00
-----------------------------------------------------------------------
.N2p-N2.
-5.51543E-05   -6.91995E-04   -6.81266E-02    5.50089E+00
 1.04583E-06   -3.00140E-05   -4.99784E-01    7.34193E+00
 7.29390E-06   -5.34833E-05    2.44143E-03    4.80118E-02
 0.00000E+00    0.00000E+00    0.00000E+00    0.00000E+00
-----------------------------------------------------------------------
.NOp-NO.
-1.28816E-04   -4.14670E-04   -8.56684E-02    5.27134E+00
 7.92031E-07   -2.27303E-05   -4.99834E-01    7.37373E+00
-1.90773E-04    2.44218E-03   -2.48194E-02   -9.93479E-02
 0.00000E+00    0.00000E+00    0.00000E+00    0.00000E+00
-----------------------------------------------------------------------
.O2p-O2.
-1.16801E-04   -5.01551E-04   -8.43100E-02    5.34363E+00
 2.04993E-06   -1.47249E-05   -5.00155E-01    7.29556E+00
 3.38760E-05   -5.45379E-04    5.93873E-03    4.10974E-02
 0.00000E+00    0.00000E+00    0.00000E+00    0.00000E+00
-----------------------------------------------------------------------
.Arp-C. 
 -2.6692648e-003  4.6940135e-002 -5.1630236e-001  5.3028119e+000
 -2.5368233e-003  4.5186661e-002 -4.9680809e-001  5.3812855e+000
  3.7612533e-004 -7.2344811e-003  6.2053767e-002 -6.7792981e-002
  0.0000000e+000  0.0000000e+000  0.0000000e+000  0.0000000e+000
-----------------------------------------------------------------------
.Arp-N. 
 -3.8253762e-003  7.1760929e-002 -7.2135379e-001  5.9790942e+000
 -3.7080191e-003  7.0689663e-002 -7.0772627e-001  6.0811294e+000
  5.1649890e-004 -1.0200693e-002  8.5965752e-002 -1.2724229e-001
  0.0000000e+000  0.0000000e+000  0.0000000e+000  0.0000000e+000
-----------------------------------------------------------------------
.Arp-O. 
 -1.9353649e-003  3.1774291e-002 -3.9011406e-001  4.8386692e+000
 -1.8075932e-003  2.9876502e-002 -3.6923607e-001  4.9065758e+000
  2.4422804e-004 -4.2899802e-003  3.7515599e-002 -4.2257193e-003
  0.0000000e+000  0.0000000e+000  0.0000000e+000  0.0000000e+000
-----------------------------------------------------------------------
.Arp-CO. 
 -1.5692980e-003  2.4979928e-002 -3.3393871e-001  4.9865086e+000
 -1.4654809e-003  2.3533484e-002 -3.1711802e-001  5.0615975e+000
  2.2279332e-004 -4.1449639e-003  3.7595159e-002 -1.2190404e-002
  0.0000000e+000  0.0000000e+000  0.0000000e+000  0.0000000e+000
-----------------------------------------------------------------------
.Arp-CO2. 
 -9.6462708e-004  1.2773977e-002 -2.2714891e-001  4.8646241e+000
 -8.9583582e-004  1.1959634e-002 -2.1585369e-001  4.9473401e+000
  1.0597980e-004 -1.5308071e-003  1.5378373e-002  4.4032983e-002
  0.0000000e+000  0.0000000e+000  0.0000000e+000  0.0000000e+000
-----------------------------------------------------------------------
.Arp-N2. 
 -1.7334465e-003  2.7649355e-002 -3.5535221e-001  5.0844908e+000
 -1.6260728e-003  2.6214497e-002 -3.3857790e-001  5.1624773e+000
  2.7721728e-004 -5.3700289e-003  4.7858645e-002 -3.8516890e-002
  0.0000000e+000  0.0000000e+000  0.0000000e+000  0.0000000e+000
-----------------------------------------------------------------------
.Arp-NO. 
 -1.8370825e-003  3.0275026e-002 -3.7852750e-001  5.1146713e+000
 -1.7163073e-003  2.8490376e-002 -3.5863129e-001  5.1836236e+000
  2.5815544e-004 -4.8347478e-003  4.2985454e-002 -2.3574228e-002
  0.0000000e+000  0.0000000e+000  0.0000000e+000  0.0000000e+000
-----------------------------------------------------------------------
.Arp-O2. 
 -1.2145304e-003  1.7662652e-002 -2.7000224e-001  4.7405532e+000
 -1.1167712e-003  1.6206755e-002 -2.5298307e-001  4.8103168e+000
  1.7357849e-004 -3.1009716e-003  2.8798559e-002  9.0885006e-003
  0.0000000e+000  0.0000000e+000  0.0000000e+000  0.0000000e+000
-----------------------------------------------------------------------
.Cp-Ar.
 -1.4223345e-003  2.1565242e-002 -3.0382158e-001  4.4877315e+000
 -1.3285550e-003  2.0345234e-002 -2.8897711e-001  4.5675491e+000
  1.3712201e-004 -1.8991941e-003  1.7536688e-002  4.6713918e-002
  0.0000000e+000  0.0000000e+000  0.0000000e+000  0.0000000e+000
-----------------------------------------------------------------------
.Cp-N.
 -3.8253762e-003  7.0999639e-002 -7.1188350e-001  5.5659465e+000
 -3.7080191e-003  6.9951728e-002 -6.9839656e-001  5.6688809e+000
  5.1649890e-004 -1.0097904e-002  8.4619208e-002 -1.2158433e-001
  0.0000000e+000  0.0000000e+000  0.0000000e+000  0.0000000e+000
-----------------------------------------------------------------------
.Cp-O.
 -1.1681606e-003  1.1241557e-002 -2.1450839e-001  4.1346034e+000
 -1.0835257e-003  1.0491696e-002 -2.0340970e-001  4.2341485e+000
  1.6685539e-004 -2.0040758e-003  1.8523581e-002  2.1899777e-002
 0.00000E+00    0.00000E+00    0.00000E+00    0.00000E+00
-----------------------------------------------------------------------
.Cp-CO.
 -9.2483178e-004  7.9277661e-003 -1.8810638e-001  4.2767500e+000
 -8.5451495e-004  7.3416901e-003 -1.7842750e-001  4.3749314e+000
  1.2972744e-004 -1.4759955e-003  1.4861530e-002  2.5072018e-002
 0.00000E+00    0.00000E+00    0.00000E+00    0.00000E+00
-----------------------------------------------------------------------
.Cp-CO2.
 -5.9934933e-004  3.9376655e-003 -1.5228037e-001  4.3450298e+000
 -5.5002811e-004  3.5629453e-003 -1.4462796e-001  4.4389686e+000
  8.0039906e-005 -8.1780065e-004  1.0081732e-002  2.6503443e-002
 0.00000E+00    0.00000E+00    0.00000E+00    0.00000E+00
-----------------------------------------------------------------------
.Cp-N2.
 -1.8370825e-003  3.0068528e-002 -3.7626653e-001  4.7949507e+000
 -1.7163073e-003  2.8297455e-002 -3.5650354e-001  4.8646460e+000
  2.5815544e-004 -4.8057298e-003  4.2624241e-002 -2.1970407e-002
  0.0000000e+000  0.0000000e+000  0.0000000e+000  0.0000000e+000
-----------------------------------------------------------------------
.Cp-NO.
 -1.8370825e-003  2.9904247e-002 -3.7447883e-001  4.7557890e+000
 -1.7163073e-003  2.8143973e-002 -3.5482111e-001  4.8260718e+000
  2.5815544e-004 -4.7826441e-003  4.2338426e-002 -2.0704107e-002
  0.0000000e+000  0.0000000e+000  0.0000000e+000  0.0000000e+000
-----------------------------------------------------------------------
.Cp-O2.
 -7.6706392e-004  5.9979969e-003 -1.7133012e-001  4.1488009e+000
 -7.0667389e-004  5.5109374e-003 -1.6258547e-001  4.2451115e+000
  1.0567811e-004 -1.1610529e-003  1.2620952e-002  2.5815917e-002
 0.00000E+00    0.00000E+00    0.00000E+00    0.00000E+00
-----------------------------------------------------------------------
.Np-Ar.
 -1.7334465e-003  2.8014804e-002 -3.5926396e-001  4.7291150e+000
 -1.6260728e-003  2.6557309e-002 -3.4228639e-001  4.8059155e+000
  2.7721728e-004 -5.4284725e-003  4.8617500e-002 -4.1906729e-002
  0.0000000e+000  0.0000000e+000  0.0000000e+000  0.0000000e+000
-----------------------------------------------------------------------
.Np-C.
 -3.1989750e-003  5.6906218e-002 -5.9350420e-001  5.2477005e+000
 -3.0604221e-003  5.5179744e-002 -5.7410416e-001  5.3306876e+000
  4.0550635e-004 -7.4534459e-003  6.1985287e-002 -5.8734224e-002
  0.0000000e+000  0.0000000e+000  0.0000000e+000  0.0000000e+000
-----------------------------------------------------------------------
.Np-O.
-1.02666E-02    2.29443E-01   -2.14807E+00    1.08239E+01
-1.07982E-02    2.49193E-01   -2.31583E+00    1.12439E+01
-2.44585E-03    5.72825E-02   -4.24337E-01    1.20213E+00
 0.00000E+00    0.00000E+00    0.00000E+00    0.00000E+00
-----------------------------------------------------------------------
.Np-CO.
 -1.8370825e-003  2.9743508e-002 -3.7273917e-001  4.8474791e+000
 -1.7163073e-003  2.7993802e-002 -3.5318382e-001  4.9183337e+000
  2.5815544e-004 -4.7600564e-003  4.2060108e-002 -1.9473346e-002
  0.0000000e+000  0.0000000e+000  0.0000000e+000  0.0000000e+000
-----------------------------------------------------------------------
.Np-CO2.
 -1.1602587e-003  1.6457350e-002 -2.5959301e-001  4.7200991e+000
 -1.0689840e-003  1.5154555e-002 -2.4390189e-001  4.7932142e+000
  1.8012896e-004 -3.3079042e-003  3.0728475e-002  2.7415552e-003
  0.0000000e+000  0.0000000e+000  0.0000000e+000  0.0000000e+000
-----------------------------------------------------------------------
.Np-N2.
 2.01344E-16   -4.55770E-15   -5.00000E-01    6.33569E+00
 2.03247E-16   -4.65870E-15   -5.00000E-01    6.19757E+00
 7.88861E-31   -1.89771E-29    1.50203E-28    2.22904E-01
 0.00000E+00    0.00000E+00    0.00000E+00    0.00000E+00
-----------------------------------------------------------------------
.Np-NO.
-2.71159E-16    5.98338E-15   -5.00000E-01    6.31834E+00
-3.79871E-17    7.33991E-16   -5.00000E-01    6.18023E+00
-2.06322E-17    5.37205E-16   -4.65707E-15    2.22904E-01
 0.00000E+00    0.00000E+00    0.00000E+00    0.00000E+00
-----------------------------------------------------------------------
.Np-O2.
 1.06835E-16   -2.75858E-15   -5.00000E-01    6.28803E+00
 7.09690E-17   -1.86124E-15   -5.00000E-01    6.14992E+00
 2.33037E-17   -5.98577E-16    5.11403E-15    2.22904E-01
 0.00000E+00    0.00000E+00    0.00000E+00    0.00000E+00
-----------------------------------------------------------------------
.Op-Ar.
 -2.3810013e-003  4.1436301e-002 -4.7237938e-001  5.1290761e+000
 -2.2453786e-003  3.9463707e-002 -4.5080906e-001  5.1981920e+000
  3.6923731e-004 -7.3844562e-003  6.4708434e-002 -8.1492201e-002
  0.0000000e+000  0.0000000e+000  0.0000000e+000  0.0000000e+000
-----------------------------------------------------------------------
.Op-C.
 -1.5042162e-003  1.5940110e-002 -2.4989158e-001  4.4537831e+000
 -1.4039757e-003  1.5033160e-002 -2.3740168e-001  4.5553512e+000
 2.1749992e-004 -2.7311431e-003  2.3421920e-002  1.6863544e-002
 0.00000E+00    0.00000E+00    0.00000E+00    0.00000E+00
-----------------------------------------------------------------------
.Op-N.
-1.52595E-02    3.50684E-01   -3.05498E+00    1.30542E+01
-7.61789E-03    1.84705E-01   -1.85720E+00    1.02139E+01
-2.77237E-03    7.56668E-02   -6.43240E-01    1.91799E+00
 0.00000E+00    0.00000E+00    0.00000E+00    0.00000E+00
-----------------------------------------------------------------------
.Op-CO.
 -1.4489544e-003  1.5100175e-002 -2.4372748e-001  4.5778399e+000
 -1.3508850e-003  1.4216111e-002 -2.3143724e-001  4.6791950e+000
  2.0928915e-004 -2.6046853e-003  2.2565998e-002  1.8016163e-002
 0.00000E+00    0.00000E+00    0.00000E+00    0.00000E+00
-----------------------------------------------------------------------
.Op-CO2.
 -9.7087433e-004  8.5688203e-003 -1.9329027e-001  4.5886771e+000
 -8.9772475e-004  7.9485789e-003 -1.8331721e-001  4.6870763e+000
  1.3674941e-004 -1.5782297e-003  1.5581009e-002  2.4412193e-002
 0.00000E+00    0.00000E+00    0.00000E+00    0.00000E+00
-----------------------------------------------------------------------
.Op-N2.
 2.01344E-16   -4.55770E-15   -5.00000E-01    6.33569E+00
 2.03247E-16   -4.65870E-15   -5.00000E-01    6.19757E+00
 7.88861E-31   -1.89771E-29    1.50203E-28    2.22904E-01
 0.00000E+00    0.00000E+00    0.00000E+00    0.00000E+00
-----------------------------------------------------------------------
.Op-NO.
-2.71159E-16    5.98338E-15   -5.00000E-01    6.31834E+00
-3.79871E-17    7.33991E-16   -5.00000E-01    6.18023E+00
-2.06322E-17    5.37205E-16   -4.65707E-15    2.22904E-01
 0.00000E+00    0.00000E+00    0.00000E+00    0.00000E+00
-----------------------------------------------------------------------
.Op-O2.
 1.06835E-16   -2.75858E-15   -5.00000E-01    6.28803E+00
 7.09690E-17   -1.86124E-15   -5.00000E-01    6.14992E+00
 2.33037E-17   -5.98577E-16    5.11403E-15    2.22904E-01
 0.00000E+00    0.00000E+00    0.00000E+00    0.00000E+00
-----------------------------------------------------------------------
.N2p-N.
-2.71159E-16    5.98338E-15   -5.00000E-01    6.11414E+00
 2.67566E-17   -7.83239E-16   -5.00000E-01    5.97603E+00
 1.31352E-17   -3.44494E-16    3.00920E-15    2.22904E-01
 0.00000E+00    0.00000E+00    0.00000E+00    0.00000E+00
-----------------------------------------------------------------------
.N2p-O.
 3.06889E-17   -8.79142E-16   -5.00000E-01    5.92235E+00
-2.13774E-16    4.91146E-15   -5.00000E-01    5.78423E+00
 2.75615E-17   -7.16692E-16    6.20349E-15    2.22904E-01
 0.00000E+00    0.00000E+00    0.00000E+00    0.00000E+00
-----------------------------------------------------------------------
.N2p-NO.
-2.71159E-16    5.98338E-15   -5.00000E-01    6.31834E+00
-3.79871E-17    7.33991E-16   -5.00000E-01    6.18023E+00
-2.06322E-17    5.37205E-16   -4.65707E-15    2.22904E-01
 0.00000E+00    0.00000E+00    0.00000E+00    0.00000E+00
-----------------------------------------------------------------------
.N2p-O2.
 1.06835E-16   -2.75858E-15   -5.00000E-01    6.28803E+00
 7.09690E-17   -1.86124E-15   -5.00000E-01    6.14992E+00
 2.33037E-17   -5.98577E-16    5.11403E-15    2.22904E-01
 0.00000E+00    0.00000E+00    0.00000E+00    0.00000E+00
-----------------------------------------------------------------------
.NOp-O.
 3.06889E-17   -8.79142E-16   -5.00000E-01    5.92235E+00
-2.13774E-16    4.91146E-15   -5.00000E-01    5.78423E+00
 2.75615E-17   -7.16692E-16    6.20349E-15    2.22904E-01
 0.00000E+00    0.00000E+00    0.00000E+00    0.00000E+00
-----------------------------------------------------------------------
.NOp-Ar.
 -1.1602587e-003  1.6504577e-002 -2.6004023e-001  4.6542532e+000
 -1.0689840e-003  1.5198067e-002 -2.4431371e-001  4.7271552e+000
  1.8012896e-004 -3.3152362e-003  3.0818338e-002  2.3240203e-003
  0.0000000e+000  0.0000000e+000  0.0000000e+000  0.0000000e+000
-----------------------------------------------------------------------
.NOp-C.
 -2.0318602e-003  3.2872093e-002 -3.9684542e-001  4.9400281e+000
 -1.9086177e-003  3.1187136e-002 -3.7791086e-001  5.0159537e+000
  2.4979338e-004 -4.2554521e-003  3.6719096e-002  1.0628294e-003
  0.0000000e+000  0.0000000e+000  0.0000000e+000  0.0000000e+000
-----------------------------------------------------------------------
.NOp-N.
-2.71159E-16    5.98338E-15   -5.00000E-01    6.11414E+00
 2.67566E-17   -7.83239E-16   -5.00000E-01    5.97603E+00
 1.31352E-17   -3.44494E-16    3.00920E-15    2.22904E-01
 0.00000E+00    0.00000E+00    0.00000E+00    0.00000E+00
-----------------------------------------------------------------------
.NOp-N2.
 2.01344E-16   -4.55770E-15   -5.00000E-01    6.33569E+00
 2.03247E-16   -4.65870E-15   -5.00000E-01    6.19757E+00
 7.88861E-31   -1.89771E-29    1.50203E-28    2.22904E-01
 0.00000E+00    0.00000E+00    0.00000E+00    0.00000E+00
-----------------------------------------------------------------------
.NOp-CO.
 -1.2145304e-003  1.7232393e-002 -2.6588161e-001  4.7589612e+000
 -1.1167712e-003  1.5811128e-002 -2.4920219e-001  4.8307144e+000
  1.7357849e-004 -3.0394797e-003  2.8073455e-002  1.2446266e-002
  0.0000000e+000  0.0000000e+000  0.0000000e+000  0.0000000e+000
-----------------------------------------------------------------------
.NOp-CO2.
 -8.6201845e-004  1.1250568e-002 -2.1325606e-001  4.7889842e+000
 -7.8898912e-004  1.0224460e-002 -2.0008174e-001  4.8630123e+000
  1.0541696e-004 -1.6633333e-003  1.6762196e-002  3.6838582e-002
  0.0000000e+000  0.0000000e+000  0.0000000e+000  0.0000000e+000
-----------------------------------------------------------------------
.NOp-O2.      
 1.06835E-16   -2.75858E-15   -5.00000E-01    6.28803E+00
 7.09690E-17   -1.86124E-15   -5.00000E-01    6.14992E+00
 2.33037E-17   -5.98577E-16    5.11403E-15    2.22904E-01
 0.00000E+00    0.00000E+00    0.00000E+00    0.00000E+00
-----------------------------------------------------------------------
.O2p-N.
-2.71159E-16    5.98338E-15   -5.00000E-01    6.11414E+00
 2.67566E-17   -7.83239E-16   -5.00000E-01    5.97603E+00
 1.31352E-17   -3.44494E-16    3.00920E-15    2.22904E-01
 0.00000E+00    0.00000E+00    0.00000E+00    0.00000E+00
-----------------------------------------------------------------------
.O2p-O.
 3.06889E-17   -8.79142E-16   -5.00000E-01    5.92235E+00
-2.13774E-16    4.91146E-15   -5.00000E-01    5.78423E+00
 2.75615E-17   -7.16692E-16    6.20349E-15    2.22904E-01
 0.00000E+00    0.00000E+00    0.00000E+00    0.00000E+00
-----------------------------------------------------------------------
.O2p-N2.
 2.01344E-16   -4.55770E-15   -5.00000E-01    6.33569E+00
 2.03247E-16   -4.65870E-15   -5.00000E-01    6.19757E+00
 7.88861E-31   -1.89771E-29    1.50203E-28    2.22904E-01
 0.00000E+00    0.00000E+00    0.00000E+00    0.00000E+00
-----------------------------------------------------------------------
.O2p-NO.
-2.71159E-16    5.98338E-15   -5.00000E-01    6.31834E+00
-3.79871E-17    7.33991E-16   -5.00000E-01    6.18023E+00
-2.06322E-17    5.37205E-16   -4.65707E-15    2.22904E-01
 0.00000E+00    0.00000E+00    0.00000E+00    0.00000E+00
-----------------------------------------------------------------------
STOP 
